10.616
10.616
10.616
10.616
10.616
10.616
10.616
10.616
10.616
10.616
6.8102
6.8102
6.8102
6.8102
6.8102
6.8102
6.8102
6.8102
11.177
11.177
11.177
11.177
11.177
11.177
11.177
11.177
4.9046
4.9046
4.9046
4.9046
4.9046
4.9046
10.021
10.021
10.021
10.021
10.021
10.021
10.021
8.6385
8.6385
8.6385
8.6385
8.6385
11.412
11.412
11.412
11.412
11.412
11.412
11.412
11.412
6.8146
6.8146
6.8146
6.8146
6.8146
6.8146
6.8146
6.8146
11.548
11.548
11.548
11.548
11.548
11.548
9.708
9.708
9.708
9.708
9.708
9.708
9.708
9.708
0.012217
0.012217
0.012217
0.012217
0.012217
0.012217
0.012217
0.012217
0.012217
8.0043
8.0043
8.0043
8.0043
8.0043
8.0043
6.2143
6.2143
6.2143
6.2143
6.2143
6.2143
6.2143
6.2143
0.00075362
0.00075362
0.00075362
0.00075362
0.00075362
0.00075362
0.00075362
0.00075362
5.6238
5.6238
5.6238
5.6238
5.6238
5.6238
5.6238
9.5881
9.5881
9.5881
9.5881
6.6673
6.6673
6.6673
6.6673
6.6673
6.6673
6.6673
6.6673
6.6673
6.6673
6.6673
6.6673
6.6673
6.6673
0.014199
0.014199
0.014199
0.014199
0.014199
0.014199
0.014199
0.014199
6.4207
6.4207
6.4207
6.4207
6.4207
5.8352
5.8352
5.8352
5.8352
8.5595
8.5595
8.5595
8.5595
8.5595
8.5595
8.5595
8.5595
0.021553
0.021553
0.021553
0.021553
0.021553
0.021553
0.021553
0.021553
0.021553
0.021553
0.021553
8.1477
8.1477
8.1477
8.1477
8.1477
8.1477
8.1477
8.1477
8.1477
8.1477
8.1477
8.1477
5.9967
5.9967
5.9967
5.9967
5.9967
5.9967
5.9967
5.9967
5.9967
5.5203
5.5203
5.5203
5.5203
5.5203
5.5203
5.5203
5.5203
5.5203
5.5203
5.6677
5.6677
5.6677
5.6677
5.6677
5.6677
5.6677
5.6677
5.6677
7.4738
7.4738
7.4738
7.4738
7.4738
7.4738
7.4738
7.4738
7.4738
7.4738
7.4738
5.4794
5.4794
5.4794
5.4794
5.4794
5.4794
5.4794
5.4794
7.5035
7.5035
7.5035
7.5035
7.5035
7.5035
4.6335
4.6335
4.6335
4.6335
4.6335
4.6335
10.941
10.941
10.941
10.941
6.7946
6.7946
6.7946
6.7946
6.7946
6.7946
3.8798
3.8798
3.8798
3.8798
3.8798
3.8798
3.8798
3.8798
3.8798
3.8798
3.8798
6.7011
6.7011
6.7011
6.7011
6.7011
6.7011
6.7011
10.9
10.9
10.9
10.9
10.9
10.9
8.0112
8.0112
8.0112
8.0112
6.2446
6.2446
6.2446
6.2446
6.2446
6.2446
6.2446
6.2446
10.462
10.462
10.462
10.462
10.462
10.462
10.462
5.9588
5.9588
5.9588
5.9588
5.9588
5.9588
5.9588
10.355
10.355
10.355
10.355
10.355
0.0035725
0.0035725
0.0035725
0.0035725
0.0035725
0.0035725
0.0035725
0.0035725
0.0035725
4.5852
4.5852
4.5852
4.5852
4.5852
4.5852
9.2063
9.2063
9.2063
9.2063
9.2063
9.2063
9.2063
11.198
11.198
11.198
11.198
11.198
11.198
10.712
10.712
10.712
10.712
11.224
11.224
11.224
11.224
11.224
11.224
11.224
11.133
11.133
11.133
11.133
11.133
11.133
11.133
5.4407
5.4407
5.4407
5.4407
5.4407
5.4407
5.4407
5.4407
5.4407
5.4407
5.4407
5.4407
9.1593
9.1593
9.1593
9.1593
9.1593
9.1593
10.924
10.924
10.924
10.924
10.924
10.924
10.924
10.924
10.924
10.924
10.924
9.8627
9.8627
9.8627
9.8627
9.8627
9.8627
9.8627
8.271
8.271
8.271
8.271
8.271
8.271
8.271
11.053
11.053
11.053
11.053
11.053
11.053
9.7436
9.7436
9.7436
9.7436
9.7436
9.7436
9.7436
10.837
10.837
10.837
10.837
10.837
10.837
10.837
6.7026
6.7026
6.7026
6.7026
6.7026
6.7026
6.7026
10.712
10.712
10.712
10.712
10.712
10.712
10.712
7.9402
7.9402
7.9402
7.9402
11.158
11.158
11.158
11.158
11.158
11.158
11.158
7.7002
7.7002
7.7002
7.7002
7.7002
7.7002
7.7002
5.4008
5.4008
5.4008
5.4008
5.4008
5.4008
5.4008
5.4008
0.0068906
0.0068906
0.0068906
0.0068906
0.0068906
0.0068906
0.0068906
0.0068906
0.0068906
0.0068906
0.0068906
0.0010643
0.0010643
0.0010643
0.0010643
0.0010643
0.0010643
10.524
10.524
10.524
10.524
6.4972
6.4972
6.4972
6.4972
6.4972
7.323
7.323
7.323
7.323
7.323
7.323
7.323
9.5356
9.5356
9.5356
9.5356
9.5356
9.5356
9.5356
9.5758
9.5758
9.5758
9.5758
9.5758
9.5758
9.5758
9.5758
9.5758
9.5758
9.5758
9.5758
5.193
5.193
5.193
5.193
5.193
5.193
10.748
10.748
10.748
10.748
10.748
10.748
10.748
10.748
10.748
10.748
10.748
10.748
10.748
10.748
10.55
10.55
10.55
10.55
4.741
4.741
4.741
4.741
4.741
9.8307
9.8307
9.8307
9.8307
9.8307
9.8307
9.8307
9.8307
5.753
5.753
5.753
5.753
5.753
5.753
5.753
5.753
8.1468
8.1468
8.1468
8.1468
8.1468
8.1468
8.1468
10.406
10.406
10.406
10.406
10.406
10.406
10.406
10.406
7.0998
7.0998
7.0998
7.0998
7.0998
7.0998
7.0998
4.1331
4.1331
4.1331
4.1331
4.1331
4.1331
4.1331
4.1331
4.1331
4.1331
4.1331
5.6573
5.6573
5.6573
5.6573
5.6573
5.6573
5.6573
10.417
10.417
10.417
10.417
10.417
10.417
10.417
10.417
8.9886
8.9886
8.9886
8.9886
8.9886
8.9886
8.9886
8.9886
6.5189
6.5189
6.5189
6.5189
6.5189
6.5189
6.5189
6.5189
6.9809
6.9809
6.9809
6.9809
6.9809
6.9809
6.9809
6.9809
11.583
11.583
11.583
11.583
11.583
11.583
11.583
11.583
11.583
11.583
11.583
11.583
11.583
11.583
8.5532
8.5532
8.5532
8.5532
8.5532
8.5532
8.5532
8.5532
8.5532
8.5532
8.5532
10.805
10.805
10.805
10.805
6.5532
6.5532
6.5532
6.5532
6.5532
6.5532
9.7354
9.7354
9.7354
9.7354
9.7354
9.7354
9.7354
10.474
10.474
10.474
10.474
10.474
10.474
10.474
10.474
10.474
10.474
10.474
10.474
10.474
10.474
9.6169
9.6169
9.6169
9.6169
9.6169
9.6169
9.6169
9.6169
6.0898
6.0898
6.0898
6.0898
6.0898
6.0898
6.0898
6.0898
7.2946
7.2946
7.2946
7.2946
7.2946
7.2946
0.0033829
0.0033829
0.0033829
0.0033829
0.0033829
0.0033829
0.0033829
11.622
11.622
11.622
11.622
0.020378
0.020378
0.020378
0.020378
0.020378
0.020378
0.020378
0.020378
0.020378
0.020378
0.020378
10.689
10.689
10.689
10.689
10.689
10.689
10.689
7.8056
7.8056
7.8056
7.8056
7.8056
7.8056
7.8056
7.8056
7.8056
4.9362
4.9362
4.9362
4.9362
4.9362
4.9362
4.9362
10.905
10.905
10.905
10.905
10.905
10.905
10.909
10.909
10.909
10.909
8.7222
8.7222
8.7222
8.7222
8.7222
11.133
11.133
11.133
11.133
11.133
11.133
11.133
7.166
7.166
7.166
7.166
7.166
7.166
7.166
7.7274
7.7274
7.7274
7.7274
7.7274
7.7274
6.0428
6.0428
6.0428
6.0428
6.0428
6.0428
6.0428
10.562
10.562
10.562
10.562
10.562
10.562
10.562
10.562
6.7133
6.7133
6.7133
6.7133
6.9937
6.9937
6.9937
6.9937
0.02677
0.02677
0.02677
0.02677
0.02677
0.02677
0.02677
7.4982
7.4982
7.4982
7.4982
6.9795
6.9795
6.9795
6.9795
6.9795
6.9795
6.9795
6.9795
6.5133
6.5133
6.5133
6.5133
6.5133
6.5133
6.5133
6.5133
8.5588
8.5588
8.5588
8.5588
8.5588
8.5588
8.5588
9.9966
9.9966
9.9966
9.9966
9.9966
9.9966
9.9966
9.9966
4.9999
4.9999
4.9999
4.9999
4.9999
4.9999
4.9999
4.9999
9.7015
9.7015
9.7015
9.7015
9.7015
9.7015
10.065
10.065
10.065
10.065
10.065
10.065
10.065
7.7239
7.7239
7.7239
7.7239
7.7239
7.7239
7.7239
8.4795
8.4795
8.4795
8.4795
8.4795
8.4795
8.4795
8.4795
10.916
10.916
10.916
10.916
10.916
10.916
11.622
11.622
11.622
11.622
11.622
11.622
11.139
11.139
11.139
11.139
11.622
11.622
11.622
11.622
11.622
11.622
11.581
11.581
11.581
11.581
7.3731
7.3731
7.3731
7.3731
7.3731
7.3731
7.3731
9.3017
9.3017
9.3017
9.3017
9.3017
9.3017
9.3017
9.3017
9.3017
9.3017
9.3017
9.3017
9.3017
9.3017
4.8066
4.8066
4.8066
4.8066
4.8066
4.8066
4.8066
4.8066
11.501
11.501
11.501
11.501
11.501
11.501
11.501
7.2029
7.2029
7.2029
7.2029
7.2029
7.2029
7.2029
10.214
10.214
10.214
10.214
10.214
10.214
10.214
10.214
10.214
10.214
10.214
9.5303
9.5303
9.5303
9.5303
9.5303
9.5303
4.918
4.918
4.918
4.918
4.918
4.918
4.918
4.918
9.0822
9.0822
9.0822
9.0822
9.0822
9.0822
9.0822
0.00056905
0.00056905
0.00056905
0.00056905
0.00056905
0.00056905
0.00056905
0.00056905
11.149
11.149
11.149
11.149
11.149
11.149
11.149
11.149
11.149
11.149
11.149
11.149
0.038793
0.038793
0.038793
0.038793
0.038793
0.038793
0.038793
9.1485
9.1485
9.1485
9.1485
9.1485
9.1485
9.1485
9.1485
9.1485
9.1485
9.1485
9.1485
10.775
10.775
10.775
10.775
10.775
10.775
10.775
10.775
10.775
10.775
10.775
8.8188
8.8188
8.8188
8.8188
8.8188
8.8188
8.8188
8.8188
9.0448
9.0448
9.0448
9.0448
9.0448
9.0448
9.0448
9.0448
9.0448
9.0448
9.0448
9.0448
9.0448
9.0448
10.976
10.976
10.976
10.976
10.976
10.976
10.976
10.976
10.976
10.976
6.5161
6.5161
6.5161
6.5161
6.5161
6.5161
6.5161
6.5161
6.5161
6.5161
6.5161
6.5161
11.098
11.098
11.098
11.098
11.098
11.098
11.098
11.14
11.14
11.14
11.14
11.14
11.14
6.3003
6.3003
6.3003
6.3003
6.3003
6.3003
6.3003
0.028707
0.028707
0.028707
0.028707
0.028707
0.028707
0.028707
0.028707
11.466
11.466
11.466
11.466
11.466
11.466
11.466
11.466
6.2456
6.2456
6.2456
6.2456
6.2456
6.2456
6.2456
6.2456
6.2456
6.2456
6.2456
6.2456
5.6812
5.6812
5.6812
5.6812
5.6812
5.6812
5.6812
0.0037522
0.0037522
0.0037522
0.0037522
0.0037522
0.0037522
0.0037522
0.0037522
9.5395
9.5395
9.5395
9.5395
9.5395
9.5395
9.5395
9.5395
9.5395
9.5395
9.5395
7.0538
7.0538
7.0538
7.0538
7.0538
7.0538
7.0538
7.0538
7.0538
4.9172
4.9172
4.9172
4.9172
4.9172
4.9172
4.9172
9.1555
9.1555
9.1555
9.1555
9.1555
9.1555
9.1555
9.1555
9.1555
9.1555
9.1555
8.0804
8.0804
8.0804
8.0804
8.0804
8.0804
8.0804
8.0804
9.7788
9.7788
9.7788
9.7788
9.7788
9.7788
9.7788
9.7788
9.7788
9.7788
9.7788
9.7788
7.788
7.788
7.788
7.788
7.788
7.788
7.788
7.9866
7.9866
7.9866
7.9866
9.9733
9.9733
9.9733
9.9733
5.4756
5.4756
5.4756
5.4756
5.4756
5.4756
5.4756
9.96
9.96
9.96
9.96
9.96
9.96
9.96
9.96
9.96
9.9113
9.9113
9.9113
9.9113
9.9113
9.9113
9.9113
9.9113
9.9113
9.9113
11.035
11.035
11.035
11.035
11.035
11.035
11.035
11.035
11.035
11.035
11.035
5.4371
5.4371
5.4371
5.4371
5.4371
5.4371
5.4371
5.4371
9.7767
9.7767
9.7767
9.7767
9.7767
9.7767
9.7767
9.7767
9.7767
0.020821
0.020821
0.020821
0.020821
0.020821
10.377
10.377
10.377
10.377
10.377
10.507
10.507
10.507
10.507
10.507
10.507
8.688
8.688
8.688
8.688
8.688
8.688
8.688
8.688
